1651 9 1c00 0 100 a
    80
   131
   -81
   247
    49
  -143
  -228
   164
   -90
  -226
   147
  -179
  -238
   -29
   157
    89
   106
   228
  -200
  -239
   -38
    21
    12
   227
   249
   197
   199
  -237
   201
  -190
    68
   -57
   -22
  -163
   126
   231
  -252
  -256
  -247
  -255
  -256
    15
  -242
  -194
  -233
   100
   -63
   -78
   245
   176
   239
   115
    95
    97
   255
   191
   244
   249
    77
    56
  -244
    74
   254
   219
  -229
    46
  -129
   255
   214
   159
  -240
   -72
   112
   255
   169
   -84
  -110
    37
   243
    -7
   -32
   120
    59
   142
    43
    18
   144
   189
    31
  -256
  -256
   -35
   152
    62
   234
   232
  -148
  -160
  -218
  -220
  -172
   254
  -243
   136
  -118
   -69
  -210
   255
   255
   128
   -19
   242
   251
  -256
   185
  -165
     6
     3
  -188
  -236
  -132
  -170
   183
   222
  -107
    71
  -254
    25
  -192
   171
  -231
   195
  -256
   225
   -50
   -13
  -253
   217
   211
  -222
   -66
  -135
   238
    92
  -250
  -250
  -184
  -153
  -213
  -232
   -98
   123
   252
    28
   230
   -87
   193
  -252
  -245
  -215
   -26
   162
   255
     9
   253
   109
  -156
   255
    -1
   -41
   246
   139
   -75
  -248
  -104
   -10
  -101
   155
   253
   174
   -93
    53
  -113
  -254
   209
   212
   224
  -196
   181
  -246
  -253
  -182
   167
   236
  -116
  -186
   187
   134
    -4
  -177
  -225
  -121
   203
   103
  -202
   205
  -204
  -198
   254
  -127
  -255
   -44
    40
   216
  -235
   252
   178
   207
    65
  -150
  -206
   -16
  -145
   241
  -208
   235
  -223
   117
  -256
  -255
  -158
  -217
   -96
  -168
    86
  -249
  -175
   221
   -47
   251
   250
  -212
  -251
   149
    34
   248
  -124
   -54
   244
   -60
    83
  -137
  -140
  -245
  -256
   237